PC(DEC) Instruction(HEX)   A Before(HEX)    A After(HEX)         EA(HEX) 
   0         f00000f              00              00              8f 
 129         120000d              00              00              8d 
 130         110000f              00              0a              8f 
 131         b100009              0a              0a              89 
 132         9100009              0a              0a              89 
   0         f000013              00              00              93 
 134         3200013              00              01              93 
 135         410000e              0a              09              8e 
 136         a100005              09              09              85 
   0         f000013              00              00              93 
 134         3200013              01              03              93 
 135         410000e              09              08              8e 
 136         a100005              08              08              85 
   0         f000013              00              00              93 
 134         3200013              03              06              93 
 135         410000e              08              07              8e 
 136         a100005              07              07              85 
   0         f000013              00              00              93 
 134         3200013              06              0a              93 
 135         410000e              07              06              8e 
 136         a100005              06              06              85 
   0         f000013              00              00              93 
 134         3200013              0a              0f              93 
 135         410000e              06              05              8e 
 136         a100005              05              05              85 
   0         f000013              00              00              93 
 134         3200013              0f              15              93 
 135         410000e              05              04              8e 
 136         a100005              04              04              85 
   0         f000013              00              00              93 
 134         3200013              15              1c              93 
 135         410000e              04              03              8e 
 136         a100005              03              03              85 
   0         f000013              00              00              93 
 134         3200013              1c              24              93 
 135         410000e              03              02              8e 
 136         a100005              02              02              85 
   0         f000013              00              00              93 
 134         3200013              24              2d              93 
 135         410000e              02              01              8e 
 136         a100005              01              01              85 
   0         f000013              00              00              93 
 134         3200013              2d              37              93 
 135         410000e              01              00              8e 
 136         a100005              00              00              85 
 137         2200017              37              37              97 
   0        10000017              00              00              97 
 139        11000000              00              00              80 
   0              00              00              00              80 
