PC(DEC) Instruction(HEX)   A Before(HEX)    A After(HEX)         EA(HEX) 
   0         f00000b              00              00              2b 
   0         f00000f              00              00              2f 
  34         110000b              00              04              2b 
  35         120000f              00              08              2f 
  36         4200013              08              07              33 
  37         b200008              07              07              28 
  38         310000b              04              08              2b 
  39         a200004              07              07              24 
  36         4200013              07              06              33 
  37         b200008              06              06              28 
  38         310000b              08              0c              2b 
  39         a200004              06              06              24 
  36         4200013              06              05              33 
  37         b200008              05              05              28 
  38         310000b              0c              10              2b 
  39         a200004              05              05              24 
  36         4200013              05              04              33 
  37         b200008              04              04              28 
  38         310000b              10              14              2b 
  39         a200004              04              04              24 
  36         4200013              04              03              33 
  37         b200008              03              03              28 
  38         310000b              14              18              2b 
  39         a200004              03              03              24 
  36         4200013              03              02              33 
  37         b200008              02              02              28 
  38         310000b              18              1c              2b 
  39         a200004              02              02              24 
  36         4200013              02              01              33 
  37         b200008              01              01              28 
  38         310000b              1c              20              2b 
  39         a200004              01              01              24 
  36         4200013              01              00              33 
  37         b200008              00              00              28 
  40         2100014              20              20              34 
   0        10000014              00              00              34 
   0              00              00              00              20 
