PC(DEC) Instruction(HEX)   A Before(HEX)    A After(HEX)         EA(HEX) 
   0         f000018              00              00              38 
  33         1100018              00              05              38 
  34         b100017              05              05              37 
  35         9100017              05              05              37 
  36         410001c              05              04              3c 
  37         b100017              04              04              37 
  38         1100018              04              05              38 
  39         120001d              00              01              3d 
  40         320001c              01              02              3c 
  41         220001d              02              02              3d 
  42         610001d              05              02              3d 
  43         510001d              02              04              3d 
  44         210001e              04              04              3e 
  45         1100018              04              05              38 
  46         410001e              05              01              3e 
  47         b100016              01              01              36 
  48         1100018              01              05              38 
  49         410001d              05              03              3d 
  50         410001c              03              02              3c 
  51         a100006              02              02              26 
  38         1100018              02              05              38 
  39         120001d              02              02              3d 
  40         320001c              02              03              3c 
  41         220001d              03              03              3d 
  42         610001d              05              01              3d 
  43         510001d              01              03              3d 
  44         210001e              03              03              3e 
  45         1100018              03              05              38 
  46         410001e              05              02              3e 
  47         b100016              02              02              36 
  48         1100018              02              05              38 
  49         410001d              05              02              3d 
  50         410001c              02              01              3c 
  51         a100006              01              01              26 
  38         1100018              01              05              38 
  39         120001d              03              03              3d 
  40         320001c              03              04              3c 
  41         220001d              04              04              3d 
  42         610001d              05              01              3d 
  43         510001d              01              04              3d 
  44         210001e              04              04              3e 
  45         1100018              04              05              38 
  46         410001e              05              01              3e 
  47         b100016              01              01              36 
  48         1100018              01              05              38 
  49         410001d              05              01              3d 
  50         410001c              01              00              3c 
  51         a100006              00              00              26 
  52         110001f              00              00              3f 
  53         2100020              00              00              20 
   0        10000020              00              00              20 
   0              00              00              00              30 
